num 46
obj 00002 11 545.00 223.00 0.00
obj 00002 6 799.00 196.00 0.00
obj 00001 11 254.00 360.00 0.00
obj 00001 11 243.00 290.00 0.00
obj 00001 11 579.00 406.00 0.00
obj 00001 11 557.00 308.00 0.00
obj 00002 11 641.00 286.00 0.00
obj 00001 11 560.00 96.00 0.00
obj 00001 11 444.00 182.00 0.00
obj 00001 11 331.00 192.00 0.00
obj 00002 11 251.00 207.00 0.00
obj 00001 12 772.00 412.00 0.00
obj 00001 12 700.00 36.00 0.00
obj 00001 10 676.00 155.00 0.00
obj 00001 8 677.00 156.00 0.00
obj 00002 10 426.00 302.00 0.00
obj 00001 10 307.00 317.00 0.00
obj 00001 9 284.00 177.00 0.00
obj 00001 8 234.00 248.00 0.00
obj 00001 10 382.00 409.00 0.00
obj 00001 10 641.00 352.00 0.00
obj 00001 10 580.00 270.00 0.00
obj 00002 7 124.00 46.00 0.00
obj 00001 8 57.00 354.00 0.00
obj 00002 12 45.00 201.00 0.00
obj 00001 9 -275.00 191.00 0.00
obj 00001 8 382.00 409.00 0.00
obj 00001 8 424.00 302.00 0.00
obj 00002 9 701.00 292.00 0.00
obj 00001 8 610.00 448.00 0.00
obj 00001 8 570.00 363.00 0.00
obj 00001 8 577.00 267.00 0.00
obj 00001 10 120.00 186.00 0.00
obj 00001 8 120.00 188.00 0.00
obj 00001 10 566.00 167.00 0.00
obj 00001 10 520.00 198.00 0.00
obj 00001 10 524.00 126.00 0.00
obj 00001 9 522.00 167.00 0.00
obj 00001 10 350.00 64.00 0.00
obj 00002 10 319.00 99.00 0.00
obj 00001 10 322.00 28.00 0.00
obj 00002 9 313.00 64.00 0.00
obj 00001 14 234.00 388.00 0.00
obj 00001 9 266.00 326.00 0.00
obj 00001 8 597.00 48.00 0.00
obj 00001 8 385.00 201.00 0.00