num 57
obj 00002 6 438.00 71.00 0.00
obj 00002 11 811.00 231.00 0.00
obj 00001 8 805.00 283.00 0.00
obj 00003 8 759.00 80.00 0.00
obj 00002 9 828.00 177.00 0.00
obj 00001 8 728.00 211.00 0.00
obj 00002 8 665.00 232.00 0.00
obj 00001 8 618.00 282.00 0.00
obj 00001 8 522.00 358.00 0.00
obj 00001 9 320.00 262.00 0.00
obj 00002 9 111.00 171.00 0.00
obj 00003 11 95.00 297.00 0.00
obj 00002 14 31.00 288.00 0.00
obj 00001 7 165.00 59.00 0.00
obj 00001 12 40.00 125.00 0.00
obj 00001 12 593.00 106.00 0.00
obj 00001 10 218.00 352.00 0.00
obj 00001 10 205.00 265.00 0.00
obj 00001 10 25.00 250.00 0.00
obj 00001 11 179.00 339.00 0.00
obj 00002 11 181.00 300.00 0.00
obj 00001 11 164.00 465.00 0.00
obj 00001 11 121.00 401.00 0.00
obj 00001 11 472.00 463.00 0.00
obj 00001 8 316.00 443.00 0.00
obj 00002 10 317.00 445.00 0.00
obj 00001 8 496.00 421.00 0.00
obj 00001 10 498.00 420.00 0.00
obj 00001 10 604.00 417.00 0.00
obj 00001 10 782.00 397.00 0.00
obj 00001 10 728.00 212.00 0.00
obj 00001 10 665.00 234.00 0.00
obj 00001 9 685.00 328.00 0.00
obj 00001 8 -273.00 141.00 0.00
obj 00001 8 302.00 524.00 0.00
obj 00001 8 419.00 510.00 0.00
obj 00001 11 354.00 514.00 0.00
obj 00001 11 259.00 506.00 0.00
obj 00001 8 152.00 293.00 0.00
obj 00001 8 145.00 363.00 0.00
obj 00001 8 216.00 311.00 0.00
obj 00001 8 116.00 433.00 0.00
obj 00001 8 206.00 504.00 0.00
obj 00002 11 568.00 319.00 0.00
obj 00002 10 259.00 305.00 0.00
obj 00003 8 372.00 197.00 0.00
obj 00001 11 689.00 214.00 0.00
obj 00001 11 784.00 119.00 0.00
obj 00001 11 772.00 194.00 0.00
obj 00001 11 512.00 394.00 0.00
obj 00002 12 647.00 423.00 0.00
obj 00002 11 637.00 248.00 0.00
obj 00001 10 153.00 293.00 0.00
obj 00001 10 298.00 369.00 0.00
obj 00001 6 860.00 304.00 0.00
obj 00001 10 416.00 195.00 0.00
obj 00001 8 616.00 383.00 0.00