num 42
obj 00001 12 848.00 532.00 0.00
obj 00001 11 675.00 176.00 0.00
obj 00001 11 706.00 271.00 0.00
obj 00001 11 737.00 389.00 0.00
obj 00002 11 766.00 504.00 0.00
obj 00001 11 699.00 547.00 0.00
obj 00001 11 489.00 539.00 0.00
obj 00001 11 373.00 547.00 0.00
obj 00001 11 305.00 508.00 0.00
obj 00001 11 187.00 457.00 0.00
obj 00001 11 167.00 390.00 0.00
obj 00002 11 292.00 351.00 0.00
obj 00001 11 405.00 298.00 0.00
obj 00001 11 546.00 229.00 0.00
obj 00001 10 549.00 178.00 0.00
obj 00002 10 408.00 235.00 0.00
obj 00001 6 817.00 203.00 0.00
obj 00002 10 711.00 504.00 0.00
obj 00001 10 661.00 137.00 0.00
obj 00001 10 281.00 72.00 0.00
obj 00001 9 347.00 76.00 0.00
obj 00001 7 110.00 57.00 0.00
obj 00001 12 45.00 192.00 0.00
obj 00001 10 182.00 259.00 0.00
obj 00001 9 182.00 210.00 0.00
obj 00001 10 126.00 356.00 0.00
obj 00001 10 121.00 396.00 0.00
obj 00001 10 273.00 387.00 0.00
obj 00002 10 390.00 480.00 0.00
obj 00001 8 278.00 499.00 0.00
obj 00001 8 354.00 526.00 0.00
obj 00001 8 406.00 541.00 0.00
obj 00001 8 637.00 538.00 0.00
obj 00001 8 778.00 538.00 0.00
obj 00001 9 758.00 459.00 0.00
obj 00001 8 722.00 317.00 0.00
obj 00002 9 690.00 217.00 0.00
obj 00001 8 661.00 140.00 0.00
obj 00001 8 457.00 282.00 0.00
obj 00001 8 348.00 316.00 0.00
obj 00001 8 218.00 386.00 0.00
obj 00000 9 122.00 400.00 0.00