num 51
obj 00001 10 567.00 110.00 0.00
obj 00002 11 836.00 389.00 0.00
obj 00001 8 822.00 405.00 0.00
obj 00001 8 774.00 416.00 0.00
obj 00004 8 861.00 371.00 0.00
obj 00002 12 135.00 371.00 0.00
obj 00002 10 400.00 366.00 0.00
obj 00002 7 53.00 47.00 0.00
obj 00001 6 217.00 69.00 0.00
obj 00001 11 553.00 367.00 0.00
obj 00003 11 622.00 376.00 0.00
obj 00002 12 732.00 402.00 0.00
obj 00001 8 593.00 359.00 0.00
obj 00001 8 651.00 385.00 0.00
obj 00002 11 855.00 345.00 0.00
obj 00003 8 821.00 328.00 0.00
obj 00001 10 356.00 268.00 0.00
obj 00002 8 326.00 263.00 0.00
obj 00001 11 374.00 174.00 0.00
obj 00001 11 277.00 369.00 0.00
obj 00001 11 702.00 377.00 0.00
obj 00002 11 782.00 338.00 0.00
obj 00001 11 761.00 390.00 0.00
obj 00001 11 471.00 389.00 0.00
obj 00001 11 384.00 408.00 0.00
obj 00001 11 800.00 420.00 0.00
obj 00001 11 302.00 420.00 0.00
obj 00001 11 288.00 288.00 0.00
obj 00002 11 349.00 119.00 0.00
obj 00001 11 352.00 49.00 0.00
obj 00001 11 341.00 228.00 0.00
obj 00001 10 684.00 230.00 0.00
obj 00001 6 817.00 203.00 0.00
obj 00001 10 318.00 227.00 0.00
obj 00001 7 -273.00 93.00 0.00
obj 00001 12 103.00 159.00 0.00
obj 00001 10 494.00 37.00 0.00
obj 00001 10 649.00 384.00 0.00
obj 00001 10 414.00 206.00 0.00
obj 00002 10 397.00 96.00 0.00
obj 00001 8 757.00 358.00 0.00
obj 00001 8 371.00 200.00 0.00
obj 00001 8 300.00 332.00 0.00
obj 00001 8 254.00 426.00 0.00
obj 00001 8 521.00 372.00 0.00
obj 00001 8 344.00 405.00 0.00
obj 00002 9 625.00 81.00 0.00
obj 00001 8 435.00 387.00 0.00
obj 00001 8 359.00 141.00 0.00
obj 00001 8 333.00 88.00 0.00
obj 00000 9 358.00 16.00 0.00