num 26
obj 00001 11 730.00 422.00 0.00
obj 00001 11 629.00 236.00 0.00
obj 00001 11 285.00 413.00 0.00
obj 00002 8 315.00 309.00 0.00
obj 00001 11 454.00 321.00 0.00
obj 00001 11 257.00 215.00 0.00
obj 00001 11 399.00 131.00 0.00
obj 00001 10 673.00 173.00 0.00
obj 00001 10 407.00 389.00 0.00
obj 00001 10 343.00 525.00 0.00
obj 00001 10 765.00 579.00 0.00
obj 00001 10 827.00 534.00 0.00
obj 00001 10 716.00 528.00 0.00
obj 00001 10 758.00 482.00 0.00
obj 00001 10 610.00 373.00 0.00
obj 00001 10 663.00 322.00 0.00
obj 00001 10 609.00 277.00 0.00
obj 00001 7 113.00 39.00 0.00
obj 00001 12 850.00 483.00 0.00
obj 00001 9 242.00 119.00 0.00
obj 00002 12 78.00 219.00 0.00
obj 00001 6 834.00 221.00 0.00
obj 00002 9 677.00 123.00 0.00
obj 00001 13 766.00 529.00 0.00
obj 00001 13 610.00 319.00 0.00
obj 00001 8 270.00 508.00 0.00