num 32
obj 00001 12 145.00 476.00 0.00
obj 00002 6 813.00 202.00 0.00
obj 00001 11 702.00 429.00 0.00
obj 00001 11 567.00 359.00 0.00
obj 00002 11 361.00 347.00 0.00
obj 00002 14 743.00 460.00 0.00
obj 00002 8 626.00 358.00 0.00
obj 00001 8 419.00 347.00 0.00
obj 00003 11 296.00 397.00 0.00
obj 00002 8 364.00 439.00 0.00
obj 00001 11 737.00 99.00 0.00
obj 00002 11 611.00 155.00 0.00
obj 00001 11 413.00 102.00 0.00
obj 00001 11 475.00 171.00 0.00
obj 00001 11 212.00 251.00 0.00
obj 00001 11 170.00 317.00 0.00
obj 00001 11 147.00 189.00 0.00
obj 00002 11 278.00 148.00 0.00
obj 00002 12 464.00 224.00 0.00
obj 00001 10 738.00 155.00 0.00
obj 00003 10 694.00 189.00 0.00
obj 00002 10 648.00 130.00 0.00
obj 00001 8 245.00 356.00 0.00
obj 00002 8 802.00 75.00 0.00
obj 00001 8 693.00 145.00 0.00
obj 00001 8 556.00 163.00 0.00
obj 00001 8 459.00 69.00 0.00
obj 00001 10 387.00 137.00 0.00
obj 00001 8 388.00 136.00 0.00
obj 00001 10 185.00 137.00 0.00
obj 00001 9 122.00 253.00 0.00
obj 00001 8 187.00 136.00 0.00