num 19
obj 00001 10 622.00 380.00 0.00
obj 00001 10 630.00 420.00 0.00
obj 00001 10 550.00 457.00 0.00
obj 00001 10 506.00 494.00 0.00
obj 00001 10 505.00 537.00 0.00
obj 00001 12 661.00 190.00 0.00
obj 00001 12 768.00 345.00 0.00
obj 00001 12 495.00 356.00 0.00
obj 00001 11 639.00 350.00 0.00
obj 00001 11 609.00 488.00 0.00
obj 00001 11 382.00 469.00 0.00
obj 00001 11 156.00 398.00 0.00
obj 00001 8 498.00 225.00 0.00
obj 00001 8 684.00 412.00 0.00
obj 00001 8 552.00 504.00 0.00
obj 00001 8 331.00 440.00 0.00
obj 00001 8 113.00 373.00 0.00
obj 00001 6 50.00 162.00 0.00
obj 00000 6 40.00 115.00 0.00