num 51
obj 00002 12 135.00 371.00 0.00
obj 00002 10 400.00 366.00 0.00
obj 00002 7 53.00 47.00 0.00
obj 00001 6 217.00 69.00 0.00
obj 00001 11 610.00 309.00 0.00
obj 00003 11 585.00 186.00 0.00
obj 00002 12 747.00 424.00 0.00
obj 00002 9 151.00 210.00 0.00
obj 00002 9 841.00 424.00 0.00
obj 00001 8 655.00 372.00 0.00
obj 00001 8 587.00 252.00 0.00
obj 00002 11 783.00 140.00 0.00
obj 00003 8 860.00 148.00 0.00
obj 00001 10 452.00 217.00 0.00
obj 00002 8 453.00 219.00 0.00
obj 00001 11 303.00 160.00 0.00
obj 00001 11 469.00 267.00 0.00
obj 00001 11 475.00 186.00 0.00
obj 00002 11 535.00 108.00 0.00
obj 00001 11 634.00 108.00 0.00
obj 00001 11 474.00 445.00 0.00
obj 00001 11 481.00 361.00 0.00
obj 00001 11 429.00 479.00 0.00
obj 00001 11 325.00 395.00 0.00
obj 00001 11 288.00 288.00 0.00
obj 00002 11 371.00 113.00 0.00
obj 00001 11 410.00 87.00 0.00
obj 00001 11 449.00 142.00 0.00
obj 00001 10 579.00 21.00 0.00
obj 00002 10 650.00 63.00 0.00
obj 00001 6 817.00 203.00 0.00
obj 00002 10 697.00 349.00 0.00
obj 00001 10 589.00 125.00 0.00
obj 00001 7 -273.00 93.00 0.00
obj 00001 12 103.00 159.00 0.00
obj 00001 10 453.00 67.00 0.00
obj 00001 10 493.00 310.00 0.00
obj 00001 10 273.00 387.00 0.00
obj 00002 10 256.00 136.00 0.00
obj 00001 8 491.00 140.00 0.00
obj 00001 8 304.00 201.00 0.00
obj 00001 8 277.00 350.00 0.00
obj 00001 8 366.00 430.00 0.00
obj 00001 8 480.00 497.00 0.00
obj 00001 8 457.00 401.00 0.00
obj 00002 9 706.00 129.00 0.00
obj 00001 8 490.00 311.00 0.00
obj 00001 8 414.00 38.00 0.00
obj 00001 8 410.00 120.00 0.00
obj 00001 8 334.00 99.00 0.00
obj 00000 9 590.00 76.00 0.00