num 22
obj 00001 12 461.00 103.00 0.00
obj 00001 12 118.00 282.00 0.00
obj 00001 12 744.00 392.00 0.00
obj 00001 6 818.00 244.00 0.00
obj 00001 9 802.00 161.00 0.00
obj 00002 9 266.00 197.00 0.00
obj 00001 10 544.00 375.00 0.00
obj 00001 10 501.00 321.00 0.00
obj 00001 10 447.00 351.00 0.00
obj 00001 10 489.00 424.00 0.00
obj 00001 10 235.00 420.00 0.00
obj 00001 10 629.00 229.00 0.00
obj 00001 8 604.00 337.00 0.00
obj 00001 8 501.00 360.00 0.00
obj 00001 9 234.00 419.00 0.00
obj 00001 8 630.00 230.00 0.00
obj 00001 8 480.00 262.00 0.00
obj 00001 11 334.00 229.00 0.00
obj 00001 10 261.00 250.00 0.00
obj 00001 10 322.00 186.00 0.00
obj 00001 10 270.00 146.00 0.00
obj 00001 7 152.00 132.00 0.00