num 52
obj 00001 7 63.00 45.00 0.00
obj 00001 12 92.00 285.00 0.00
obj 00001 12 593.00 106.00 0.00
obj 00001 10 157.00 333.00 0.00
obj 00001 10 288.00 234.00 0.00
obj 00001 10 62.00 197.00 0.00
obj 00001 11 595.00 341.00 0.00
obj 00002 11 617.00 298.00 0.00
obj 00001 11 551.00 322.00 0.00
obj 00001 11 540.00 235.00 0.00
obj 00001 11 511.00 433.00 0.00
obj 00001 8 316.00 443.00 0.00
obj 00002 10 317.00 445.00 0.00
obj 00001 8 470.00 482.00 0.00
obj 00001 10 470.00 483.00 0.00
obj 00001 10 604.00 417.00 0.00
obj 00001 10 678.00 386.00 0.00
obj 00001 10 660.00 257.00 0.00
obj 00001 10 724.00 315.00 0.00
obj 00001 9 685.00 328.00 0.00
obj 00001 9 629.00 373.00 0.00
obj 00001 8 -273.00 141.00 0.00
obj 00001 8 543.00 366.00 0.00
obj 00001 8 560.00 273.00 0.00
obj 00001 11 347.00 360.00 0.00
obj 00001 11 384.00 267.00 0.00
obj 00001 8 53.00 385.00 0.00
obj 00001 8 174.00 239.00 0.00
obj 00001 8 232.00 319.00 0.00
obj 00001 8 370.00 296.00 0.00
obj 00001 8 457.00 284.00 0.00
obj 00002 11 465.00 209.00 0.00
obj 00002 9 403.00 222.00 0.00
obj 00001 10 403.00 222.00 0.00
obj 00002 10 324.00 162.00 0.00
obj 00003 8 289.00 87.00 0.00
obj 00003 8 464.00 43.00 0.00
obj 00001 11 508.00 157.00 0.00
obj 00001 11 297.00 61.00 0.00
obj 00001 11 475.00 81.00 0.00
obj 00001 11 336.00 208.00 0.00
obj 00002 12 647.00 423.00 0.00
obj 00002 11 285.00 142.00 0.00
obj 00001 10 248.00 77.00 0.00
obj 00001 10 331.00 80.00 0.00
obj 00002 10 501.00 26.00 0.00
obj 00001 6 756.00 167.00 0.00
obj 00001 10 618.00 183.00 0.00
obj 00001 8 514.00 182.00 0.00
obj 00001 8 488.00 118.00 0.00
obj 00001 8 307.00 29.00 0.00
obj 00001 8 279.00 190.00 0.00