num 32
obj 00002 12 801.00 442.00 0.00
obj 00002 12 94.00 384.00 0.00
obj 00001 12 575.00 488.00 0.00
obj 00001 6 748.00 111.00 0.00
obj 00001 7 98.00 25.00 0.00
obj 00001 10 544.00 484.00 0.00
obj 00001 10 441.00 405.00 0.00
obj 00001 10 338.00 371.00 0.00
obj 00001 8 395.00 453.00 0.00
obj 00001 8 294.00 410.00 0.00
obj 00001 8 289.00 328.00 0.00
obj 00001 8 696.00 411.00 0.00
obj 00001 11 580.00 301.00 0.00
obj 00001 8 514.00 345.00 0.00
obj 00002 11 472.00 231.00 0.00
obj 00001 9 522.00 234.00 0.00
obj 00001 11 534.00 106.00 0.00
obj 00001 11 396.00 115.00 0.00
obj 00001 11 634.00 164.00 0.00
obj 00002 11 556.00 237.00 0.00
obj 00001 8 660.00 226.00 0.00
obj 00001 8 420.00 226.00 0.00
obj 00001 11 337.00 209.00 0.00
obj 00002 11 314.00 155.00 0.00
obj 00001 8 598.00 92.00 0.00
obj 00001 8 463.00 125.00 0.00
obj 00001 8 334.00 99.00 0.00
obj 00001 9 276.00 199.00 0.00
obj 00002 11 182.00 233.00 0.00
obj 00001 11 196.00 157.00 0.00
obj 00001 8 92.00 195.00 0.00
obj 00000 8 103.00 93.00 0.00