num 47
obj 00001 11 544.00 376.00 0.00
obj 00001 11 449.00 358.00 0.00
obj 00001 11 465.00 278.00 0.00
obj 00001 11 432.00 195.00 0.00
obj 00001 11 682.00 76.00 0.00
obj 00002 9 85.00 253.00 0.00
obj 00001 11 575.00 65.00 0.00
obj 00001 11 476.00 46.00 0.00
obj 00001 11 419.00 115.00 0.00
obj 00001 11 245.00 476.00 0.00
obj 00001 11 257.00 404.00 0.00
obj 00001 11 216.00 334.00 0.00
obj 00001 11 319.00 303.00 0.00
obj 00002 11 167.00 278.00 0.00
obj 00001 12 407.00 509.00 0.00
obj 00002 12 647.00 423.00 0.00
obj 00001 10 476.00 400.00 0.00
obj 00002 10 387.00 355.00 0.00
obj 00001 10 334.00 437.00 0.00
obj 00002 10 174.00 366.00 0.00
obj 00001 10 84.00 253.00 0.00
obj 00001 12 40.00 181.00 0.00
obj 00001 7 127.00 53.00 0.00
obj 00002 11 344.00 206.00 0.00
obj 00001 11 162.00 220.00 0.00
obj 00001 10 244.00 111.00 0.00
obj 00001 10 181.00 167.00 0.00
obj 00001 10 238.00 218.00 0.00
obj 00001 10 419.00 146.00 0.00
obj 00001 10 425.00 32.00 0.00
obj 00002 10 479.00 96.00 0.00
obj 00001 6 734.00 215.00 0.00
obj 00001 10 618.00 183.00 0.00
obj 00001 8 632.00 346.00 0.00
obj 00001 8 426.00 392.00 0.00
obj 00001 9 749.00 72.00 0.00
obj 00001 8 623.00 86.00 0.00
obj 00001 8 533.00 33.00 0.00
obj 00001 8 416.00 80.00 0.00
obj 00001 8 419.00 144.00 0.00
obj 00001 8 228.00 530.00 0.00
obj 00001 8 291.00 439.00 0.00
obj 00001 8 230.00 366.00 0.00
obj 00001 8 224.00 289.00 0.00
obj 00001 9 470.00 320.00 0.00
obj 00001 8 455.00 229.00 0.00
obj 00001 8 233.00 166.00 0.00